Tm,#Bat,BatAge,R/G,G,PA,AB,R,H,2B,3B,HR,RBI,SB,CS,BB,SO,BA,OBP,SLG,OPS,OPS+,TB,GDP,HBP,SH,SF,IBB,LOB
Arizona Diamondbacks,14,28.9,2.00,1,31,31,2,6,1,0,1,2,0,1,0,8,.194,.194,.323,.516,32,10,0,0,0,0,0,2
Baltimore Orioles,12,27.4,2.00,1,32,28,2,5,1,0,0,2,1,0,3,8,.179,.250,.214,.464,32,6,0,0,0,1,0,6
Boston Red Sox,14,28.2,3.00,1,40,36,3,12,1,0,0,3,1,0,3,7,.333,.385,.361,.746,111,13,2,0,1,0,0,10
Chicago Cubs,14,28.6,4.00,1,40,34,4,8,2,0,0,4,0,0,6,9,.235,.350,.294,.644,72,10,1,0,0,0,0,9
Chicago White Sox,19,26.5,2.00,1,36,31,2,4,0,0,2,2,0,0,5,20,.129,.250,.323,.573,60,10,0,0,0,0,0,7
Cincinnati Reds,17,27.8,0.00,1,35,32,0,4,2,0,0,0,0,0,3,12,.125,.200,.188,.388,3,6,0,0,0,0,0,8
Cleveland Guardians,15,27.5,6.00,1,41,38,6,12,4,0,2,6,1,0,2,11,.316,.366,.579,.945,162,22,1,1,0,0,0,8
Detroit Tigers,13,26.6,8.00,1,43,39,8,12,2,0,1,8,0,0,4,10,.308,.372,.436,.808,127,17,0,0,0,0,0,8
Houston Astros,14,29.1,0.00,1,36,30,0,3,2,0,0,0,1,0,6,9,.100,.250,.167,.417,20,5,0,0,0,0,1,9
Los Angeles Angels,15,28.1,3.00,1,43,36,3,9,0,0,2,3,1,0,6,14,.250,.372,.417,.789,122,15,0,1,0,0,0,13
Los Angeles Dodgers,13,32.0,8.00,1,40,33,8,10,1,0,2,8,0,0,5,4,.303,.425,.515,.940,145,17,1,2,0,0,0,8
Milwaukee Brewers,17,28.4,14.00,1,45,33,14,12,2,0,2,14,1,1,10,3,.364,.512,.606,1.118,192,20,0,0,1,0,1,7
Minnesota Twins,16,29.0,1.00,1,35,29,1,5,0,1,0,1,1,0,4,9,.172,.286,.241,.527,50,7,3,1,0,1,0,7
New York Mets,12,28.5,11.00,1,45,34,11,11,1,1,2,11,1,0,9,10,.324,.467,.588,1.055,174,20,0,1,0,1,0,10
New York Yankees,13,30.2,7.00,1,40,36,7,10,0,1,0,6,1,0,3,12,.278,.350,.333,.683,94,12,1,1,0,0,0,6
Philadelphia Phillies,14,30.2,5.00,1,36,34,5,10,2,0,2,5,1,0,1,10,.294,.333,.529,.863,121,18,0,1,0,0,0,7
Pittsburgh Pirates,16,29.3,7.00,1,37,37,7,10,3,0,3,7,0,0,0,10,.270,.270,.595,.865,117,22,0,0,0,0,0,3
San Diego Padres,15,30.1,2.00,1,36,33,2,5,1,0,1,2,0,0,3,7,.152,.222,.273,.495,29,9,0,0,0,0,0,7
Seattle Mariners,14,28.2,4.00,1,34,32,4,6,2,0,4,4,0,0,2,14,.188,.235,.625,.860,134,20,1,0,0,0,0,3
San Francisco Giants,13,28.8,0.00,1,34,31,0,3,0,0,0,0,0,0,2,6,.097,.176,.097,.273,-25,3,0,1,0,0,0,7
St. Louis Cardinals,17,25.9,9.00,1,40,37,9,14,2,0,2,9,2,0,1,3,.378,.375,.595,.970,148,22,1,0,0,2,1,7
Tampa Bay Rays,18,27.9,7.00,1,50,43,7,17,0,0,1,7,0,0,6,5,.395,.460,.465,.925,162,20,0,0,0,1,0,16
Texas Rangers,17,30.2,3.00,1,36,35,3,8,1,0,1,3,0,0,1,11,.229,.250,.343,.593,66,12,0,0,0,0,0,6
Washington Nationals,15,25.2,10.00,1,40,37,10,11,1,0,3,9,1,0,2,12,.297,.350,.568,.918,135,21,0,1,0,0,0,3
League Average,15,28.4,4.92,1,39,34,5,9,1,0,1,5,1,0,4,9,.253,.330,.411,.741,100,14,0,0,0,0,0,7
,357,28.4,4.92,24,925,819,118,207,31,3,31,116,13,2,87,224,.253,.330,.411,.741,100,337,11,10,2,6,3,177